//vertices begin
        -0.5 -0.5 -0.5  0.0 0.0
         0.5 -0.5 -0.5  1.0 0.0
         0.5  0.5 -0.5  1.0 1.0
         0.5  0.5 -0.5  1.0 1.0
        -0.5  0.5 -0.5  0.0 1.0
        -0.5 -0.5 -0.5  0.0 0.0

        -0.5 -0.5  0.5  0.0 0.0
         0.5 -0.5  0.5  1.0 0.0
         0.5  0.5  0.5  1.0 1.0
         0.5  0.5  0.5  1.0 1.0
        -0.5  0.5  0.5  0.0 1.0
        -0.5 -0.5  0.5  0.0 0.0

        -0.5  0.5  0.5  1.0 0.0
        -0.5  0.5 -0.5  1.0 1.0
        -0.5 -0.5 -0.5  0.0 1.0
        -0.5 -0.5 -0.5  0.0 1.0
        -0.5 -0.5  0.5  0.0 0.0
        -0.5  0.5  0.5  1.0 0.0

         0.5  0.5  0.5  1.0 0.0
         0.5  0.5 -0.5  1.0 1.0
         0.5 -0.5 -0.5  0.0 1.0
         0.5 -0.5 -0.5  0.0 1.0
         0.5 -0.5  0.5  0.0 0.0
         0.5  0.5  0.5  1.0 0.0

        -0.5 -0.5 -0.5  0.0 1.0
         0.5 -0.5 -0.5  1.0 1.0
         0.5 -0.5  0.5  1.0 0.0
         0.5 -0.5  0.5  1.0 0.0
        -0.5 -0.5  0.5  0.0 0.0
        -0.5 -0.5 -0.5  0.0 1.0

        -0.5  0.5 -0.5  0.0 1.0
         0.5  0.5 -0.5  1.0 1.0
         0.5  0.5  0.5  1.0 0.0
         0.5  0.5  0.5  1.0 0.0
        -0.5  0.5  0.5  0.0 0.0
        -0.5  0.5 -0.5  0.0 1.0
//vertices end


//cubePositions begin 
        0.0  0.0  0.0
        3.0  0.0  0.0
        0.0  3.0  0.0
        0.0  0.0  3.0
        3.0  3.0  3.0
//cubePositions end
